140 33
4 31 22
9
81 9 1 0
116 9 1 0
24 9 0 0
24 9 0 0
24 9 0 0
24 9 0 0
49 9 1 0
24 9 0 0
24 9 0 0
136 14 0 1
136 14 0 1
104 14 1 1
70 14 1 1
136 14 0 1
37 14 1 1
136 14 0 1
136 14 0 1
136 14 0 1
50 19 1 0
24 19 0 0
24 19 0 0
24 19 0 0
24 19 0 0
24 19 0 0
85 19 1 0
24 19 0 0
118 19 1 0
136 24 0 1
79 24 1 1
110 24 1 1
136 24 0 1
136 24 0 1
42 24 1 1
136 24 0 1
136 24 0 1
136 24 0 1
24 29 0 0
24 29 0 0
24 29 0 0
141 29 1 0
109 29 1 0
24 29 0 0
24 29 0 0
42 29 1 0
74 29 1 0
