80 33
9 26 15
14
24 9 0 0
40 9 1 0
24 9 0 0
24 9 0 0
94 9 1 0
24 9 0 0
24 9 0 0
121 9 1 0
24 9 0 0
67 9 1 0
24 9 0 0
24 9 0 0
24 9 0 0
20 9 0 0
117 14 1 1
37 14 1 1
136 14 0 1
136 14 0 1
136 14 0 1
90 14 1 1
136 14 0 1
136 14 0 1
136 14 0 1
136 14 0 1
63 14 1 1
136 14 0 1
136 14 0 1
136 14 0 1
24 19 0 0
24 19 0 0
24 19 0 0
24 19 0 0
24 19 0 0
41 19 1 0
24 19 0 0
68 19 1 0
24 19 0 0
121 19 1 0
24 19 0 0
95 19 1 0
24 19 0 0
24 19 0 0
24 24 1 1
78 24 1 1
136 24 0 1
136 24 0 1
136 24 0 1
136 24 0 1
136 24 0 1
104 24 1 1
136 24 0 1
51 24 1 1
130 24 1 1
136 24 0 1
136 24 0 1
136 24 0 1
40 29 1 0
24 29 0 0
24 29 0 0
24 29 0 0
93 29 1 0
67 29 1 0
24 29 0 0
24 29 0 0
24 29 0 0
120 29 1 0
24 29 0 0
24 29 0 0
24 29 0 0
24 29 0 0
