75 23
9 26 15
27
24 9 0 0
24 9 0 0
24 9 0 0
24 9 0 0
24 9 0 0
24 9 0 0
24 9 0 0
24 9 0 0
48 9 1 0
24 9 0 0
24 9 0 0
24 9 0 0
24 9 0 0
24 9 0 0
24 9 0 0
24 9 0 0
24 9 0 0
24 9 0 0
24 9 0 0
24 9 0 0
24 9 0 0
127 9 1 0
101 9 1 0
24 9 0 0
24 9 0 0
24 9 0 0
75 9 1 0
81 14 1 1
107 14 1 1
136 14 0 1
133 14 1 1
136 14 0 1
136 14 0 1
28 14 1 1
136 14 0 1
136 14 0 1
136 14 0 1
136 14 0 1
136 14 0 1
136 14 0 1
136 14 0 1
136 14 0 1
54 14 1 1
136 14 0 1
136 14 0 1
136 14 0 1
136 14 0 1
136 14 0 1
136 14 0 1
136 14 0 1
136 14 0 1
136 14 0 1
136 14 0 1
136 14 0 1
24 19 0 0
24 19 0 0
24 19 0 0
24 19 0 0
24 19 0 0
24 19 0 0
65 19 1 0
24 19 0 0
24 19 0 0
24 19 0 0
24 19 0 0
24 19 0 0
39 19 1 0
24 19 0 0
24 19 0 0
24 19 0 0
24 19 0 0
24 19 0 0
24 19 0 0
24 19 0 0
118 19 1 0
24 19 0 0
92 19 1 0
24 19 0 0
24 19 0 0
24 19 0 0
24 19 0 0
136 24 0 1
136 24 0 1
136 24 0 1
136 24 0 1
136 24 0 1
136 24 0 1
136 24 0 1
136 24 0 1
136 24 0 1
31 24 1 1
136 24 0 1
57 24 1 1
136 24 0 1
136 24 0 1
136 24 0 1
136 24 0 1
83 24 1 1
136 24 0 1
136 24 0 1
136 24 0 1
136 24 0 1
109 24 1 1
136 24 0 1
136 24 0 1
135 24 1 1
136 24 0 1
136 24 0 1
24 29 0 0
24 29 0 0
24 29 0 0
24 29 0 0
24 29 0 0
54 29 1 0
28 29 1 0
24 29 0 0
24 29 0 0
24 29 0 0
24 29 0 0
24 29 0 0
24 29 0 0
24 29 0 0
24 29 0 0
133 29 1 0
24 29 0 0
24 29 0 0
24 29 0 0
107 29 1 0
24 29 0 0
24 29 0 0
24 29 0 0
24 29 0 0
24 29 0 0
81 29 1 0
24 29 0 0
