75 28
4 31 22
9
20 9 0 0
83 9 1 0
24 9 0 0
24 9 0 0
24 9 0 0
117 9 1 0
24 9 0 0
52 9 1 0
20 9 0 0
136 14 1 1
32 14 1 1
136 14 0 1
136 14 0 1
102 14 1 1
65 14 1 1
138 14 0 1
136 14 0 1
138 14 0 1
24 19 0 0
73 19 1 0
24 19 0 0
42 19 1 0
138 19 1 0
24 19 0 0
20 19 0 0
105 19 1 0
20 19 0 0
136 24 0 1
73 24 1 1
136 24 0 1
136 24 0 1
105 24 1 1
138 24 0 1
136 24 0 1
136 24 0 1
41 24 1 1
24 29 0 0
24 29 0 0
93 29 1 0
24 29 0 0
20 29 0 0
26 29 1 0
60 29 1 0
24 29 0 0
125 29 1 0
