70 33
7 28 16
19
24 9 0 0
24 9 0 0
24 9 0 0
24 9 0 0
24 9 0 0
91 9 1 0
24 9 0 0
24 9 0 0
24 9 0 0
24 9 0 0
63 9 1 0
24 9 0 0
24 9 0 0
24 9 0 0
35 9 1 0
24 9 0 0
24 9 0 0
24 9 0 0
120 9 1 0
71 14 1 1
99 14 1 1
136 14 0 1
127 14 1 1
136 14 0 1
136 14 0 1
136 14 0 1
136 14 0 1
136 14 0 1
136 14 0 1
136 14 0 1
136 14 0 1
136 14 0 1
136 14 0 1
136 14 0 1
136 14 0 1
136 14 0 1
136 14 0 1
42 14 1 1
24 19 0 0
24 19 0 0
24 19 0 0
24 19 0 0
78 19 1 0
24 19 0 0
24 19 0 0
50 19 1 0
24 19 0 0
24 19 0 0
24 19 0 0
24 19 0 0
24 19 0 0
24 19 0 0
24 19 0 0
24 19 0 0
107 19 1 0
24 19 0 0
137 19 1 0
125 24 1 1
136 24 0 1
136 24 0 1
136 24 0 1
136 24 0 1
136 24 0 1
39 24 1 1
136 24 0 1
136 24 0 1
136 24 0 1
136 24 0 1
136 24 0 1
67 24 1 1
136 24 0 1
136 24 0 1
136 24 0 1
136 24 0 1
136 24 0 1
96 24 1 1
24 29 0 0
24 29 0 0
24 29 0 0
24 29 0 0
47 29 1 0
24 29 0 0
24 29 0 0
24 29 0 0
24 29 0 0
133 29 1 0
24 29 0 0
24 29 0 0
24 29 0 0
24 29 0 0
24 29 0 0
24 29 0 0
24 29 0 0
105 29 1 0
76 29 1 0
