80 33
8 27 15
13
24 9 0 0
24 9 0 0
100 9 1 0
24 9 0 0
73 9 1 0
24 9 0 0
24 9 0 0
24 9 0 0
130 9 1 0
24 9 0 0
24 9 0 0
24 9 0 0
44 9 1 0
122 14 1 1
136 14 0 1
136 14 0 1
136 14 0 1
136 14 0 1
65 14 1 1
136 14 0 1
34 14 1 1
136 14 0 1
136 14 0 1
136 14 0 1
93 14 1 1
138 14 0 1
24 19 0 0
24 19 0 0
24 19 0 0
106 19 1 0
24 19 0 0
24 19 0 0
138 19 1 0
24 19 0 0
79 19 1 0
24 19 0 0
24 19 0 0
52 19 1 0
21 19 1 0
136 24 0 1
136 24 0 1
136 24 0 1
136 24 0 1
136 24 0 1
136 24 0 1
49 24 1 1
136 24 0 1
136 24 0 1
77 24 1 1
136 24 0 1
105 24 1 1
132 24 1 1
24 29 0 0
24 29 0 0
24 29 0 0
24 29 0 0
24 29 0 0
24 29 0 0
98 29 1 0
24 29 0 0
24 29 0 0
127 29 1 0
24 29 0 0
43 29 1 0
71 29 1 0
