80 33
8 27 15
13
24 9 0 0
24 9 0 0
119 9 1 0
24 9 0 0
24 9 0 0
63 9 1 0
91 9 1 0
24 9 0 0
24 9 0 0
24 9 0 0
24 9 0 0
24 9 0 0
34 9 1 0
94 14 1 1
121 14 1 1
136 14 0 1
136 14 0 1
136 14 0 1
39 14 1 1
136 14 0 1
136 14 0 1
136 14 0 1
66 14 1 1
136 14 0 1
136 14 0 1
138 14 0 1
24 19 0 0
39 19 1 0
24 19 0 0
24 19 0 0
24 19 0 0
24 19 0 0
24 19 0 0
24 19 0 0
24 19 0 0
123 19 1 0
67 19 1 0
24 19 0 0
96 19 1 0
136 24 0 1
136 24 0 1
54 24 1 1
136 24 0 1
136 24 0 1
109 24 1 1
136 24 0 1
25 24 1 1
136 24 0 1
136 24 0 1
136 24 0 1
136 24 0 1
81 24 1 1
95 29 1 0
24 29 0 0
24 29 0 0
24 29 0 0
38 29 1 0
24 29 0 0
24 29 0 0
24 29 0 0
24 29 0 0
24 29 0 0
123 29 1 0
24 29 0 0
66 29 1 0
