80 33
6 29 18
11
24 9 0 0
24 9 0 0
24 9 0 0
111 9 1 0
50 9 1 0
24 9 0 0
24 9 0 0
24 9 0 0
24 9 0 0
24 9 0 0
82 9 1 0
136 14 0 1
101 14 1 1
39 14 1 1
136 14 0 1
136 14 0 1
136 14 0 1
136 14 0 1
69 14 1 1
136 14 0 1
136 14 0 1
130 14 1 1
24 19 0 0
87 19 1 0
58 19 1 0
24 19 0 0
117 19 1 0
24 19 0 0
24 19 0 0
24 19 0 0
24 19 0 0
20 19 0 0
27 19 1 0
136 24 0 1
136 24 0 1
136 24 0 1
34 24 1 1
136 24 0 1
126 24 1 1
136 24 0 1
136 24 0 1
96 24 1 1
136 24 0 1
64 24 1 1
111 29 1 0
24 29 0 0
24 29 0 0
24 29 0 0
24 29 0 0
143 29 1 0
24 29 0 0
81 29 1 0
24 29 0 0
52 29 1 0
22 29 1 0
