40 33
6 29 18
11
24 9 0 0
24 9 0 0
63 9 1 0
24 9 0 0
24 9 0 0
122 9 1 0
24 9 0 0
24 9 0 0
24 9 0 0
93 9 1 0
32 9 1 0
136 14 0 1
136 14 0 1
136 14 0 1
118 14 1 1
58 14 1 1
136 14 0 1
136 14 0 1
136 14 0 1
87 14 1 1
28 14 1 1
136 14 0 1
24 19 0 0
24 19 0 0
24 19 0 0
36 19 1 0
95 19 1 0
24 19 0 0
24 19 0 0
66 19 1 0
24 19 0 0
125 19 1 0
24 19 0 0
136 24 0 1
123 24 1 1
136 24 0 1
33 24 1 1
136 24 0 1
138 24 0 1
136 24 0 1
63 24 1 1
92 24 1 1
138 24 0 1
136 24 0 1
24 29 0 0
24 29 0 0
61 29 1 0
122 29 1 0
92 29 1 0
24 29 0 0
24 29 0 0
24 29 0 0
24 29 0 0
32 29 1 0
24 29 0 0
