80 33
9 26 15
21
98 9 1 0
24 9 0 0
24 9 0 0
24 9 0 0
24 9 0 0
24 9 0 0
24 9 0 0
24 9 0 0
24 9 0 0
24 9 0 0
24 9 0 0
72 9 1 0
46 9 1 0
24 9 0 0
24 9 0 0
24 9 0 0
24 9 0 0
24 9 0 0
24 9 0 0
24 9 0 0
125 9 1 0
136 14 0 1
86 14 1 1
136 14 0 1
136 14 0 1
136 14 0 1
136 14 0 1
136 14 0 1
33 14 1 1
136 14 0 1
136 14 0 1
136 14 0 1
136 14 0 1
112 14 1 1
136 14 0 1
136 14 0 1
136 14 0 1
136 14 0 1
136 14 0 1
136 14 0 1
136 14 0 1
59 14 1 1
143 19 1 0
24 19 0 0
117 19 1 0
24 19 0 0
64 19 1 0
24 19 0 0
24 19 0 0
24 19 0 0
24 19 0 0
38 19 1 0
24 19 0 0
24 19 0 0
24 19 0 0
24 19 0 0
24 19 0 0
24 19 0 0
24 19 0 0
24 19 0 0
24 19 0 0
24 19 0 0
91 19 1 0
136 24 0 1
136 24 0 1
136 24 0 1
136 24 0 1
86 24 1 1
112 24 1 1
136 24 0 1
136 24 0 1
136 24 0 1
136 24 0 1
136 24 0 1
136 24 0 1
136 24 0 1
136 24 0 1
136 24 0 1
136 24 0 1
136 24 0 1
136 24 0 1
136 24 0 1
59 24 1 1
31 24 1 1
24 29 0 0
24 29 0 0
24 29 0 0
24 29 0 0
24 29 0 0
24 29 0 0
24 29 0 0
24 29 0 0
24 29 0 0
109 29 1 0
24 29 0 0
24 29 0 0
83 29 1 0
57 29 1 0
24 29 0 0
24 29 0 0
31 29 1 0
24 29 0 0
24 29 0 0
24 29 0 0
137 29 1 0
