140 33
9 26 15
27
24 9 0 0
24 9 0 0
24 9 0 0
24 9 0 0
24 9 0 0
24 9 0 0
24 9 0 0
24 9 0 0
24 9 0 0
24 9 0 0
134 9 1 0
24 9 0 0
108 9 1 0
24 9 0 0
82 9 1 0
24 9 0 0
24 9 0 0
24 9 0 0
24 9 0 0
24 9 0 0
24 9 0 0
56 9 1 0
30 9 1 0
24 9 0 0
24 9 0 0
24 9 0 0
24 9 0 0
47 14 1 1
136 14 0 1
73 14 1 1
99 14 1 1
136 14 0 1
136 14 0 1
136 14 0 1
136 14 0 1
136 14 0 1
125 14 1 1
136 14 0 1
136 14 0 1
136 14 0 1
20 14 1 1
136 14 0 1
136 14 0 1
136 14 0 1
136 14 0 1
136 14 0 1
136 14 0 1
136 14 0 1
136 14 0 1
136 14 0 1
136 14 0 1
136 14 0 1
136 14 0 1
136 14 0 1
24 19 0 0
24 19 0 0
24 19 0 0
24 19 0 0
24 19 0 0
24 19 0 0
24 19 0 0
24 19 0 0
24 19 0 0
24 19 0 0
125 19 1 0
24 19 0 0
99 19 1 0
24 19 0 0
73 19 1 0
24 19 0 0
24 19 0 0
47 19 1 0
24 19 0 0
24 19 0 0
24 19 0 0
24 19 0 0
24 19 0 0
24 19 0 0
24 19 0 0
24 19 0 0
24 19 0 0
136 24 0 1
136 24 0 1
136 24 0 1
136 24 0 1
136 24 0 1
75 24 1 1
136 24 0 1
21 24 1 1
101 24 1 1
136 24 0 1
136 24 0 1
136 24 0 1
136 24 0 1
127 24 1 1
136 24 0 1
136 24 0 1
47 24 1 1
136 24 0 1
136 24 0 1
136 24 0 1
136 24 0 1
136 24 0 1
136 24 0 1
136 24 0 1
136 24 0 1
136 24 0 1
136 24 0 1
24 29 0 0
24 29 0 0
141 29 1 0
24 29 0 0
24 29 0 0
24 29 0 0
24 29 0 0
24 29 0 0
114 29 1 0
24 29 0 0
88 29 1 0
24 29 0 0
62 29 1 0
24 29 0 0
24 29 0 0
24 29 0 0
36 29 1 0
24 29 0 0
24 29 0 0
24 29 0 0
24 29 0 0
24 29 0 0
24 29 0 0
24 29 0 0
24 29 0 0
24 29 0 0
24 29 0 0
